0	1.02	1.45	0	57822	0
3	1.02	1.45	0	57822	0
3	2	1.65	1	163.35	80
3.3	2	1.65	1	163.35	80
3.3	2.6	5.8	3.2	1478.3	599.99
10	2.6	5.8	3.2	1478.3	599.99
10	2.92	6.8	3.9	1368.02	599.99
18	2.92	6.8	3.9	1368.02	599.99
18	3.641	8.0355	4.4839	950.5	394.62
43	3.5801	8.0379	4.4856	972.77	403.93
80	3.502	8.04	4.48	1008.71	417.59
80	3.502	8.045	4.49	182.03	75.6
120	3.4268	8.0505	4.5	182.57	76.06
120	3.4268	8.0505	4.5	182.57	76.06
165	3.3711	8.175	4.509	188.72	76.55
210	3.3243	8.3007	4.5184	200.97	79.4
210	3.3243	8.3007	4.5184	338.47	133.72
260	3.3663	8.4822	4.6094	346.37	136.38
310	3.411	8.665	4.6964	355.85	139.38
360	3.4577	8.8476	4.7832	366.34	142.76
410	3.5068	9.0302	4.8702	377.93	146.57
410	3.9317	9.3601	5.0806	413.66	162.5
460	3.9273	9.528	5.1864	417.32	164.87
510	3.9233	9.6962	5.2922	419.94	166.8
560	3.9218	9.864	5.3989	422.55	168.78
610	3.9206	10.032	5.5047	425.51	170.82
660	3.9201	10.2	5.6104	428.69	172.93
660	4.2387	10.7909	5.9607	1350.54	549.45
710	4.2986	10.9222	6.0898	1311.17	543.48
760	4.3565	11.0553	6.21	1277.93	537.63
809.5	4.4118	11.1355	6.2424	1269.44	531.91
859	4.465	11.2228	6.2799	1260.68	526.32
908.5	4.5162	11.3068	6.3164	1251.69	520.83
958	4.5654	11.3897	6.3519	1243.02	515.46
1007.5	4.5926	11.4704	6.386	1234.54	510.2
1057	4.6198	11.5493	6.4182	1226.52	505.05
1106.5	4.6467	11.6265	6.4514	1217.91	500
1156	4.6735	11.702	6.4822	1210.02	495.05
1205.5	4.7001	11.7768	6.5131	1202.04	490.2
1255	4.7266	11.8491	6.5431	1193.99	485.44
1304.5	4.7528	11.9208	6.5728	1186.06	480.77
1354	4.779	11.9891	6.6009	1178.19	476.19
1403.5	4.805	12.0571	6.6285	1170.53	471.7
1453	4.8307	12.1247	6.6554	1163.16	467.29
1502.5	4.8562	12.1912	6.6813	1156.04	462.96
1552	4.8817	12.2558	6.707	1148.76	458.72
1601.5	4.9069	12.3181	6.7323	1141.32	454.55
1651	4.9321	12.3813	6.7579	1134.01	450.45
1700.5	4.957	12.4427	6.782	1127.02	446.43
1750	4.9817	12.503	6.8056	1120.09	442.48
1799.5	5.0062	12.5638	6.8289	1108.58	436.68
1849	5.0306	12.6226	6.8517	1097.16	431.03
1898.5	5.0548	12.6807	6.8743	1085.97	425.53
1948	5.0789	12.7384	6.8972	1070.38	418.41
1997.5	5.1027	12.7956	6.9194	1064.23	414.94
2047	5.1264	12.8524	6.9416	1058.03	411.52
2096.5	5.1499	12.9093	6.9625	1048.09	406.5
2146	5.1732	12.9663	6.9852	1042.07	403.23
2195.5	5.1963	13.0226	7.0069	1032.14	398.41
2245	5.2192	13.0786	7.0286	1018.38	392.16
2294.5	5.242	13.1337	7.0504	1008.79	387.6
2344	5.2646	13.1895	7.0722	999.44	383.14
2393.5	5.287	13.2465	7.0932	990.77	378.79
2443	5.3092	13.3017	7.1144	985.63	375.94
2492.5	5.3313	13.3584	7.1368	976.81	371.75
2542	5.3531	13.4156	7.1584	968.46	367.65
2591.5	5.3748	13.4741	7.1804	960.36	363.64
2640	5.3962	13.5311	7.2031	952	359.71
2690	5.4176	13.5899	7.2253	940.88	354.61
2740	5.4387	13.6498	7.2485	933.21	350.88
2740	5.6934	13.6498	7.2485	722.73	271.74
2789.67	5.7196	13.6533	7.2593	726.87	273.97
2839.33	5.7458	13.657	7.27	725.11	273.97
2891.5	5.7721	13.6601	7.2817	723.12	273.97
2891.5	9.9145	8	0	57822	0
2939.33	9.9942	8.0382	0	57822	0
2989.66	10.0722	8.1283	0	57822	0
3039.99	10.1485	8.2213	0	57822	0
3090.32	10.2233	8.3122	0	57822	0
3140.66	10.2964	8.4001	0	57822	0
3190.99	10.3679	8.4861	0	57822	0
3241.32	10.4378	8.5692	0	57822	0
3291.65	10.5062	8.6496	0	57822	0
3341.98	10.5731	8.7283	0	57822	0
3392.31	10.6385	8.8036	0	57822	0
3442.64	10.7023	8.8761	0	57822	0
3492.97	10.7647	8.9461	0	57822	0
3543.3	10.8257	9.0138	0	57822	0
3593.64	10.8852	9.0792	0	57822	0
3643.97	10.9434	9.1426	0	57822	0
3694.3	11.0001	9.2042	0	57822	0
3744.63	11.0555	9.2634	0	57822	0
3794.96	11.1095	9.3205	0	57822	0
3845.29	11.1623	9.376	0	57822	0
3895.62	11.2137	9.4297	0	57822	0
3945.95	11.2639	9.4814	0	57822	0
3996.28	11.3127	9.5306	0	57822	0
4046.62	11.3604	9.5777	0	57822	0
4096.95	11.4069	9.6232	0	57822	0
4147.28	11.4521	9.6673	0	57822	0
4197.61	11.4962	9.71	0	57822	0
4247.94	11.5391	9.7513	0	57822	0
4298.27	11.5809	9.7914	0	57822	0
4348.6	11.6216	9.8304	0	57822	0
4398.93	11.6612	9.8682	0	57822	0
4449.26	11.6998	9.9051	0	57822	0
4499.6	11.7373	9.941	0	57822	0
4549.93	11.7737	9.9761	0	57822	0
4600.26	11.8092	10.0103	0	57822	0
4650.59	11.8437	10.0439	0	57822	0
4700.92	11.8772	10.0768	0	57822	0
4751.25	11.9098	10.1095	0	57822	0
4801.58	11.9414	10.1415	0	57822	0
4851.91	11.9722	10.1739	0	57822	0
4902.24	12.0001	10.2049	0	57822	0
4952.58	12.0311	10.2329	0	57822	0
5002.91	12.0593	10.2565	0	57822	0
5053.24	12.0867	10.2745	0	57822	0
5103.57	12.1133	10.2854	0	57822	0
5153.5	12.1391	10.289	0	57822	0
5153.5	12.7037	11.0427	3.5043	633.26	85.03
5204.61	12.7289	11.0585	3.5187	629.89	85.03
5255.32	12.753	11.0718	3.5314	626.87	85.03
5306.04	12.776	11.085	3.5435	624.08	85.03
5356.75	12.798	11.0983	3.5551	621.5	85.03
5407.46	12.8188	11.1166	3.5661	619.71	85.03
5458.17	12.8387	11.1316	3.5765	617.78	85.03
5508.89	12.8574	11.1457	3.5864	615.93	85.03
5559.6	12.8751	11.159	3.5957	614.21	85.03
5610.31	12.8917	11.1715	3.6044	612.62	85.03
5661.02	12.9072	11.1832	3.6126	611.12	85.03
5711.74	12.9217	11.1941	3.6202	609.74	85.03
5762.45	12.9351	11.2041	3.6272	608.48	85.03
5813.16	12.9474	11.2134	3.6337	607.31	85.03
5863.87	12.9586	11.2219	3.6396	606.26	85.03
5914.59	12.9688	11.2295	3.645	605.28	85.03
5965.3	12.9779	11.2364	3.6498	604.44	85.03
6016.01	12.9859	11.2424	3.654	603.69	85.03
6066.72	12.9929	11.2477	3.6577	603.04	85.03
6117.44	12.9988	11.2521	3.6608	602.49	85.03
6168.15	13.0036	11.2557	3.6633	602.05	85.03
6218.86	13.0074	11.2586	3.6653	601.7	85.03
6269.57	13.01	11.2606	3.6667	601.46	85.03
6320.29	13.0117	11.2618	3.6675	601.32	85.03
6371	13.0122	11.2622	3.6678	601.27	85.03
